-1.448801025906165663e-04 1.084754162901553631e-04 3.640468630051619251e-05
-1.095408865290248279e-03 8.199887692573546577e-04 2.754200960329201845e-04
-1.269577032992907917e-03 9.499855152946970818e-04 3.195915176982479147e-04
-1.470782291746797199e-03 1.100029701267896814e-03 3.707525904788730627e-04
-1.702996077139307118e-03 1.273019359284387197e-03 4.299767178548776370e-04
-1.970695456433912973e-03 1.472204543073953389e-03 4.984909133599372492e-04
-2.278900254012672377e-03 1.701206349289904537e-03 5.776939047227372653e-04
-2.633202454938921022e-03 1.964027461587651915e-03 6.691749933512920918e-04
-3.039782862762407945e-03 2.265049724631335720e-03 7.747331381310201825e-04
-3.505408377084018312e-03 2.609012902082222252e-03 8.963954750017561618e-04
-4.037401352716907255e-03 3.000967199713551470e-03 1.036434153003400020e-03
-4.643570349474601677e-03 3.446190395908002579e-03 1.197379953566642466e-03
-5.332089295437936194e-03 3.950058638272784667e-03 1.382030657165172344e-03
-6.111309891287941554e-03 4.517858358437883137e-03 1.593451532850077498e-03
-6.989490356347882738e-03 5.154525687506579523e-03 1.834964668841358726e-03
-7.974422936140146412e-03 5.864299760389934946e-03 2.110123175750261773e-03
-9.072943773085317964e-03 6.650278123432086519e-03 2.422665649653234915e-03
-1.029031285015236108e-02 7.513867056036648007e-03 2.776445794115751237e-03
-1.162946000772868693e-02 8.454128073923171394e-03 3.175331933805494722e-03
-1.309010679180844239e-02 9.467035263987191862e-03 3.623071527821233179e-03
-1.466779411055196825e-02 1.054467713552607877e-02 4.123116975025934577e-03
-1.635287254573158933e-02 1.167446126432560016e-02 4.678411281406006511e-03
-1.812954437880209824e-02 1.283840860148792451e-02 5.291135777314152910e-03
-1.997508038556561338e-02 1.401265323691168463e-02 5.962427148653963449e-03
-2.185936383773900982e-02 1.516728638644881944e-02 6.692077451290211199e-03
-2.374492973381037153e-02 1.626669172712782996e-02 7.478238006682541572e-03
-2.558765820109676348e-02 1.727050304981356255e-02 8.317155151283193992e-03
-2.733823731828854964e-02 1.813526603661488878e-02 9.202971281673646975e-03
-2.894442722921575228e-02 1.881680049100667440e-02 1.012762673820909176e-02
-3.035403856855489746e-02 1.927314347987857390e-02 1.108089508867629580e-02
-3.151840046720844057e-02 1.946782528439455762e-02 1.205057518281392459e-02
-3.239596515523990305e-02 1.937311716801448647e-02 1.302284798722545822e-02
-3.295561202624841535e-02 1.897282573986314169e-02 1.398278628638527366e-02
-3.317920443991684287e-02 1.826422042711528526e-02 1.491498401280152986e-02
-3.306303210525785019e-02 1.725877870793796065e-02 1.580425339731991730e-02
-3.261793117815736665e-02 1.598160478230431503e-02 1.663632639585305162e-02
-3.186807983294698277e-02 1.446958506309670156e-02 1.739849476985025345e-02
-3.084867111499506320e-02 1.276853969978503089e-02 1.808013141521008782e-02
-2.960282035827171976e-02 1.092976808201073791e-02 1.867305227626098185e-02
-2.817814023074977081e-02 9.006440420727235274e-03 1.917169981002253554e-02
-2.662340552157116402e-02 7.050254441016590157e-03 1.957315108055457387e-02
-2.498564803541336588e-02 5.108675813146057454e-03 1.987697222226736393e-02
-2.330789962130558335e-02 3.222945983047564855e-03 2.008495363825796298e-02
-2.162767143866972663e-02 1.426905406616996164e-03 2.020076603205267496e-02
-1.997614634847047488e-02 -2.534305139038628418e-04 2.022957686237430996e-02
-1.837798359986494989e-02 -1.799678091208567476e-03 2.017766169107354512e-02
-1.685159404420127904e-02 -3.200443101091576814e-03 2.005203714529285586e-02
-1.540973486545813009e-02 -4.450398793366172612e-03 1.986013365882427495e-02
-1.406028598423827991e-02 -5.549232176048690679e-03 1.960951816028694283e-02
-1.280709596638784920e-02 -6.500574289837579567e-03 1.930767025622537325e-02
-1.165081518507199432e-02 -7.310995360554572997e-03 1.896181054562656731e-02
-1.058966245511896997e-02 -7.989114016368870086e-03 1.857877647148781231e-02
-9.620095224824015689e-03 -8.544844100516590935e-03 1.816493932534057887e-02
-8.737371511639696608e-03 -8.988783830323310298e-03 1.772615534196297915e-02
-7.936004252615175281e-03 -9.331739665601135325e-03 1.726774391821628285e-02
-7.210116456226753345e-03 -9.584370113088325205e-03 1.679448656931503692e-02
-6.553709590752299086e-03 -9.756931477762575966e-03 1.631064106851487505e-02
-5.960859103747911947e-03 -9.859107034189185104e-03 1.581996613793712481e-02
-5.425850752666938615e-03 -9.899902209080879700e-03 1.532575296174787383e-02
-4.943270243499289784e-03 -9.887590372128662874e-03 1.483086061562799429e-02
-4.508057024832368143e-03 -9.829696193397630122e-03 1.433775321823005378e-02
-4.115531300707839235e-03 -9.733005901850999564e-03 1.384853720255885268e-02
-3.761401608102635241e-03 -9.603595974490286569e-03 1.336499758259290793e-02
-3.441758761664151511e-03 -9.446873703129021749e-03 1.288863246479321489e-02
-3.153060645217975466e-03 -9.267624695056736472e-03 1.242068534027473969e-02
-2.892111233713794138e-03 -9.070063672960981815e-03 1.196217490667483840e-02
-2.656036345998070980e-03 -8.857885977481522177e-03 1.151392232347958622e-02
-2.442257932743531479e-03 -8.634317980648564816e-03 1.107657591339206160e-02
-2.248468166029964077e-03 -8.402165229870389718e-03 1.065063339590033298e-02
-2.072604188934450142e-03 -8.163857597329599036e-03 1.023646178626402836e-02
-1.912824079160026225e-03 -7.921491041485345663e-03 9.834315120645364949e-03
-1.767484357869907041e-03 -7.676865823652428977e-03 9.444350181522342957e-03
-1.635119214895897066e-03 -7.431521186127942880e-03 9.066640401023784435e-03
-1.514421509265076460e-03 -7.186766607318706424e-03 8.701188116583713494e-03
-1.404225527550859165e-03 -6.943709818125753941e-03 8.347935345676571472e-03
-1.303491432541624417e-03 -6.703281803547317397e-03 8.006773236088893242e-03
-1.211291303924021123e-03 -6.466259032512633453e-03 7.677550336436689271e-03
-1.126796655624519305e-03 -6.233283163694258722e-03 7.360079819318743333e-03
-1.049267307028908802e-03 -6.004878470173169447e-03 7.054145777202092127e-03
-9.780414844560367249e-04 -5.781467214786562003e-03 6.759508699242577912e-03
-9.125270327621434752e-04 -5.563383193254001213e-03 6.475910226016123872e-03
-8.521936231779200788e-04 -5.350883645508536235e-03 6.203077268686407741e-03
-7.965658512779846823e-04 -5.144159718274005089e-03 5.940725569551941199e-03
-7.452171275439470333e-04 -4.943345644649918547e-03 5.688562772193872519e-03
-6.977642717538937167e-04 -4.748526789825624483e-03 5.446291061579566772e-03
-6.538627310455000230e-04 -4.559746696370228780e-03 5.213609427415666353e-03
-6.132023497234136145e-04 -4.377013248018479796e-03 4.990215597741931575e-03
-5.755036265750468338e-04 -4.200304057569950733e-03 4.775807684144983689e-03
-5.405144025514216355e-04 -4.029571172452922623e-03 4.570085575004378953e-03
-5.080069281346091814e-04 -3.864745180638090583e-03 4.372752108772748336e-03
-4.777752655557437889e-04 -3.705738789858581406e-03 4.183514055414283561e-03
-4.496329862714032455e-04 -3.552449944421831596e-03 4.002082930693262597e-03
-4.234111287877879992e-04 -3.404764536199617053e-03 3.828175664987387705e-03
-3.989563860837888609e-04 -3.262558759565242772e-03 3.661515145649052450e-03
-3.761294955711806665e-04 -3.125701154025023465e-03 3.501830649596193723e-03
-3.548038077880177887e-04 -2.994054372981849732e-03 3.348858180769909154e-03
-3.348640128934786409e-04 -2.867476712393166038e-03 3.202340725286689782e-03
-3.162050065608455751e-04 -2.745823428975259495e-03 3.062028435536157112e-03
-2.987308790877163389e-04 -2.628947873991774320e-03 2.927678753079532292e-03
-2.823540134945685953e-04 -2.516702465492570706e-03 2.799056478987149710e-03
-2.669942800957933460e-04 -2.408939519083171110e-03 2.675933799178964456e-03
-2.525783165301664912e-04 -2.305511954860922641e-03 2.558090271391089132e-03
-2.390388835555902480e-04 -2.206273896009060265e-03 2.445312779564612349e-03
-2.263142880687199487e-04 -2.111081172657694460e-03 2.337395460726421348e-03
-2.143478658234859724e-04 -2.019791742968783665e-03 2.234139608792262699e-03
-2.030875172115836902e-04 -1.932266041952700186e-03 2.135353559164276938e-03
-1.924852902478249583e-04 -1.848367267250961010e-03 2.040852557498751274e-03
-1.824970055877873920e-04 -1.767961610002088957e-03 1.950458615589845124e-03
-1.730819190062030111e-04 -1.690918437925917339e-03 1.864000356932127289e-03
-1.642024172924735903e-04 -1.617110436898633319e-03 1.781312854191141604e-03
-1.558237439839224581e-04 -1.546413716532871185e-03 1.702237460516786705e-03
-1.479137517654514900e-04 -1.478707884609894996e-03 1.626621636375391589e-03
-1.404426787236616458e-04 -1.413876094624597762e-03 1.554318773348217775e-03
-1.333829459598118161e-04 -1.351805070187526991e-03 1.485188016147387380e-03
-1.267089743449897887e-04 -1.292385109573811891e-03 1.419094083918825966e-03
-1.203970184467662019e-04 -1.235510073308496853e-03 1.355907091755259586e-03
-1.144250158738174816e-04 -1.181077357325213684e-03 1.295502373198975654e-03
-1.087724504768121381e-04 -1.128987853924325047e-03 1.237760304401147593e-03
-1.034202280135211593e-04 -1.079145902482783054e-03 1.182566130496276458e-03
-9.835056303610437145e-05 -1.031459231626386669e-03 1.129809794662484101e-03
-9.354687589163690475e-05 -9.858388943620698119e-04 1.079385770253682431e-03
-8.899369884453334212e-05 -9.421991974799467928e-04 1.031192896324473196e-03
-8.467659043431829957e-05 -9.004576263691027593e-04 9.851342168034626923e-04
-8.058205727475703517e-05 -8.605347662447720980e-04 9.411168235194944387e-04
-7.669748258301578581e-05 -8.223542206555016498e-04 8.990517032385625384e-04
-7.301106080080319027e-05 -7.858425280250526390e-04 8.588535888258697071e-04
-6.951173773475996520e-05 -7.509290768832610485e-04 8.204408146180730554e-04
-6.618915570149805361e-05 -7.175460203515150737e-04 7.837351760530131273e-04
-6.303360321468012839e-05 -6.856281903702583780e-04 7.486617935849038119e-04
-6.003596879768785533e-05 -6.551130120871287432e-04 7.151489808847610874e-04
-5.718769854689068066e-05 -6.259404187634928091e-04 6.831281173104164495e-04
-5.448075710741406841e-05 -5.980527675037653618e-04 6.525335246111430010e-04
-5.190759175643586132e-05 -5.713947560646911311e-04 6.233023478211530133e-04
-4.946109931862688325e-05 -5.459133409604771670e-04 5.953744402791283363e-04
-4.713459566487929187e-05 -5.215576570431479375e-04 5.686922527080584544e-04
-4.492178756928394412e-05 -4.982789387056318908e-04 5.432007262748950183e-04
-4.281674672068289111e-05 -4.760304428270117211e-04 5.188471895476443052e-04
-4.081388570428834406e-05 -4.547673735548520002e-04 4.955812592591923860e-04
-3.890793578615811543e-05 -4.344468089980766529e-04 4.733547447842711975e-04
-3.709392634877392569e-05 -4.150276298851476170e-04 4.521215562339753191e-04
-3.536716583998206209e-05 -3.964704502259948360e-04 4.318376160660220009e-04
-3.372322411020201027e-05 -3.787375500019923846e-04 4.124607741121666393e-04
-3.215791602398723747e-05 -3.617928098960578737e-04 3.939507259200780709e-04
-3.066728624253819979e-05 -3.456016480642941369e-04 3.762689343068670311e-04
-2.924759508271534969e-05 -3.301309589415993978e-04 3.593785540243477072e-04
-2.789530536675965955e-05 -3.153490540657956018e-04 3.432443594325595981e-04
-2.660707018423136283e-05 -3.012256048982768844e-04 3.278326750825177882e-04
-2.537972149472753070e-05 -2.877315876135266848e-04 3.131113091082715627e-04
-2.421025950598981735e-05 -2.748392298251856047e-04 2.990494893311268498e-04
-2.309584276774176437e-05 -2.625219592124489881e-04 2.856178019802202428e-04
-2.203377892660840498e-05 -2.507543540073448735e-04 2.727881329339654215e-04
-2.102151609214772399e-05 -2.395120953009033382e-04 2.605336113929990205e-04
-2.005663476820421232e-05 -2.287719211241283704e-04 2.488285558923664098e-04
-1.913684030759033039e-05 -2.185115822581594480e-04 2.376484225657948812e-04
-1.825995585165093860e-05 -2.087097997268165181e-04 2.269697555784544463e-04
-1.742391571930151928e-05 -1.993462239239414402e-04 2.167701396432741845e-04
-1.662675921312861682e-05 -1.904013953274606361e-04 2.070281545405450174e-04
-1.586662481269790481e-05 -1.818567067518816159e-04 1.977233315645365863e-04
-1.514174472757451317e-05 -1.736943670909607725e-04 1.888361118185244436e-04
-1.445043978486743042e-05 -1.658973665025070821e-04 1.803478062873953292e-04
-1.379111462794166409e-05 -1.584494429876879412e-04 1.722405576156660345e-04
-1.316225320487085515e-05 -1.513350503177558759e-04 1.644973035226371394e-04
-1.256241452684062065e-05 -1.445393272617766581e-04 1.571017417886233503e-04
-1.199022867820823124e-05 -1.380480680697390716e-04 1.500382967479785279e-04
-1.144439306134670264e-05 -1.318476941662731147e-04 1.432920872276310931e-04
-1.092366886065385123e-05 -1.259252270111605593e-04 1.368488958718439008e-04
-1.042687771132116969e-05 -1.202682620838019072e-04 1.306951397951339189e-04
-9.952898559456579974e-06 -1.148649439498641324e-04 1.248178425092838495e-04
-9.500664701216771091e-06 -1.097039423693939482e-04 1.192046070705998773e-04
-9.069160989440966381e-06 -1.047744294067971989e-04 1.138435903962342621e-04
-8.657421197183490236e-06 -1.000660575042051741e-04 1.087234787013890980e-04
-8.264525528219046624e-06 -9.556893848086970775e-05 1.038334640091065353e-04
-7.889598265378716668e-06 -9.127362342238164866e-05 9.916322168779245771e-05
-7.531805548150610763e-06 -8.717108342462748585e-05 9.470288897273082540e-05
-7.190353271676469538e-06 -8.325269115853645846e-05 9.044304443017736617e-05
-6.864485099671024937e-06 -7.951020322278720687e-05 8.637468832251027351e-05
-6.553480584460535940e-06 -7.593574325275129384e-05 8.248922383724544005e-05
-6.256653387697735935e-06 -7.252178575503664439e-05 7.877843914272375514e-05
-5.973349595803090217e-06 -6.926114063807446881e-05 7.523449023383310674e-05
-5.702946124501451219e-06 -6.614693841023688674e-05 7.184988453479146386e-05
-5.444849207336677210e-06 -6.317261601800723200e-05 6.861746522535128179e-05
-5.198492963213313667e-06 -6.033190329772898999e-05 6.553039626089329772e-05
-4.963338038461995172e-06 -5.761881001544269000e-05 6.258214805388018220e-05
-4.738870319199312009e-06 -5.502761347027655854e-05 5.976648378946958218e-05
-4.524599709929827407e-06 -5.255284663778741865e-05 5.707744634775302472e-05
-4.320058974736917801e-06 -5.018928683055232792e-05 5.450934580530919504e-05
-4.124802637527069660e-06 -4.793194485419073614e-05 5.205674749175770444e-05
-3.938405938069822199e-06 -4.577605463784901758e-05 4.971446057588924106e-05
-3.760463840745548181e-06 -4.371706331900160076e-05 4.747752715972275439e-05
-3.590590093131840188e-06 -4.175062176322457720e-05 4.534121185639783391e-05
-3.428416331739680967e-06 -3.987257550036777971e-05 4.330099183214031200e-05
-3.273591232279965402e-06 -3.807895605929844437e-05 4.135254729153992059e-05
-3.125779702177478026e-06 -3.636597268411154073e-05 3.949175238626700946e-05
-2.984662112993918814e-06 -3.473000441539487657e-05 3.771466652835453459e-05
-2.849933570671370209e-06 -3.316759252081037321e-05 3.601752609150299378e-05
-2.721303221629028934e-06 -3.167543325990006785e-05 3.439673648153451779e-05
-2.598493592787659567e-06 -3.025037096864523732e-05 3.284886456145219569e-05
-2.481239963797454706e-06 -2.888939144991202294e-05 3.137063141367413266e-05
-2.369289769751925512e-06 -2.758961565649167141e-05 2.995890542623058650e-05
-2.262402032889021530e-06 -2.634829365399829308e-05 2.861069568693697107e-05
-2.262402032889021530e-06 -2.634829365399829308e-05 2.861069568693697107e-05
